sunqinghao2017:09:20:11:02 2017:09:20:11:02 hat 1 12.750000 15.000000 HF HF1006sunqinghao2017:09:21:07:59 2017:09:21:07:59 pants 2 100.000000 200.000000 XT XT1028
sunqinghao2017:09:21:08:20 2017:09:21:08:20 water 1 2.000000 2.000000 XT XT1022
sunqinghao2017:09:21:08:31 2017:09:21:08:31 hat 1 15.000000 15.000000 HF HF1006
sunqinghao2017:09:21:09:22 2017:09:21:09:22 hat 4 15.000000 60.000000 HF HF1006
   0 0.000000 0.000000  
